129 209
0 2 1 2
1 2 0 4
2 5 0 3 4 7 9
3 3 2 7 18
4 4 1 2 6 9
5 2 6 11
6 3 4 5 11
7 4 2 3 8 17
8 2 7 14
9 4 2 4 10 18
10 2 9 16
11 4 5 6 13 15
12 2 13 16
13 2 11 12
14 4 8 17 20 35
15 3 11 19 21
16 5 10 12 18 22 24
17 3 7 14 18
18 9 3 9 16 17 23 35 39 67 128
19 2 15 25
20 2 14 35
21 3 15 24 26
22 4 16 23 24 28
23 3 18 22 28
24 4 16 21 22 29
25 4 19 26 27 32
26 3 21 25 30
27 2 25 31
28 3 22 23 41
29 3 24 30 34
30 3 26 29 33
31 5 27 32 36 40 44
32 4 25 31 33 37
33 4 30 32 38 42
34 3 29 38 45
35 6 14 18 20 39 53 127
36 3 31 40 43
37 2 32 42
38 3 33 34 41
39 5 18 35 51 57 128
40 3 31 36 43
41 5 28 38 51 52 128
42 4 33 37 44 47
43 4 36 40 46 50
44 4 31 42 46 48
45 4 34 47 54 55
46 4 43 44 48 64
47 4 42 45 48 58
48 4 44 46 47 60
49 2 53 127
50 2 43 66
51 5 39 41 62 69 128
52 3 41 54 65
53 3 35 49 63
54 2 45 52
55 3 45 58 67
56 2 61 68
57 3 39 62 63
58 4 47 55 60 67
59 3 61 76 77
60 3 48 58 64
61 2 56 59
62 4 51 57 70 79
63 3 53 57 79
64 3 46 60 74
65 4 52 67 69 87
66 3 50 73 84
67 6 18 55 58 65 74 91
68 3 56 80 83
69 3 51 65 70
70 4 62 69 79 90
71 2 72 89
72 3 71 75 89
73 3 66 75 88
74 4 64 67 84 86
75 3 72 73 76
76 3 59 75 77
77 4 59 76 80 81
78 1 83
79 4 62 63 70 90
80 4 68 77 85 95
81 2 77 100
82 2 86 87
83 3 68 78 85
84 4 66 74 89 109
85 4 80 83 92 98
86 3 74 82 91
87 4 65 82 90 91
88 3 73 94 100
89 6 71 72 84 94 96 97
90 3 70 79 87
91 5 67 86 87 99 118
92 3 85 98 103
93 2 97 99
94 3 88 89 101
95 3 80 98 100
96 2 89 97
97 4 89 93 96 102
98 4 85 92 95 103
99 2 91 93
100 4 81 88 95 107
101 3 94 104 111
102 3 97 104 106
103 2 92 98
104 4 101 102 114 115
105 1 110
106 2 102 109
107 2 100 108
108 2 107 111
109 5 84 106 110 113 118
110 3 105 109 117
111 3 101 108 114
112 2 113 115
113 2 109 112
114 3 104 111 116
115 4 104 112 116 117
116 4 114 115 119 121
117 3 110 115 118
118 4 91 109 117 120
119 2 116 122
120 2 118 125
121 2 116 123
122 2 119 124
123 4 121 124 125 126
124 2 122 123
125 3 120 123 126
126 2 123 125
127 2 35 49
128 4 18 39 41 51
200
